cam0:
  cam_overlaps: [1]
  camera_model: pinhole
  distortion_coeffs: [-0.14353702566780024, -0.016213286586246774, 0.00041469244948813235,
    -0.0016414197561845053]
  distortion_model: radtan
  intrinsics: [742.7119060501757, 744.3407379277103, 688.9152547108501, 369.2482949978759]
  resolution: [1280, 720]
  rostopic: /zed/zed_node/left_raw/image_raw_color
cam1:
  T_cn_cnm1:
  - [0.9981317426394161, -0.00040378132840696485, 0.061097146383789075, -0.11741605884239038]
  - [-0.0004862116848507293, 0.9998940062683191, 0.014551282654418353, -0.00021878925312539586]
  - [-0.061096546005489014, -0.014553803259976126, 0.9980257506081042, 0.004264471688098221]
  - [0.0, 0.0, 0.0, 1.0]
  cam_overlaps: [0]
  camera_model: pinhole
  distortion_coeffs: [-0.14590670012889886, 0.0068488176163766495, 0.00133722960677305,
    0.0005750121230118456]
  distortion_model: radtan
  intrinsics: [753.9170098740606, 751.1541841503551, 658.383104108719, 347.66916815308]
  resolution: [1280, 720]
  rostopic: /zed/zed_node/right_raw/image_raw_color
